[
  {
    "entity": "power_socket",
    "obb": {
      "center": [
        0.28502573619695665,
        0.20343520711560514,
        0.5332525401204302
      ],
      "extent": [
        0.08,
        0.0464104309397223,
        0.006
      ],
      "rotation": [
        [
          0.3061893422086325,
          -0.35657322485458953,
          -0.8826684666592793
        ],
        [
          0.8213451665623781,
          -0.3698171178515178,
          0.43431257949616886
        ],
        [
          -0.48129014542421744,
          -0.8579573617964908,
          0.17963563470742863
        ]
      ]
    }
  },
  {
    "entity": "ethernet_socket",
    "obb": {
      "center": [
        0.2851535892762009,
        0.23444222126795103,
        0.7548857488547979
      ],
      "extent": [
        0.05,
        0.04431806696306956,
        0.006
      ],
      "rotation": [
        [
          0.3116624045779518,
          0.9264158413848581,
          -0.21123502172668843
        ],
        [
          0.9357017578566867,
          -0.33790637214558095,
          -0.10139775149044743
        ],
        [
          -0.16531414312331386,
          -0.1660511141022473,
          -0.9721616437551972
        ]
      ]
    }
  },
  {
    "entity": "vga_socket",
    "obb": {
      "center": [
        0.27245024467919765,
        0.2399024549525061,
        0.8347011660164393
      ],
      "extent": [
        0.08,
        0.05514827717640802,
        0.006
      ],
      "rotation": [
        [
          -0.17792339938996157,
          -0.16053088230692197,
          0.9708620395170889
        ],
        [
          -0.9840434542405899,
          0.027701207327881117,
          -0.17575870754766557
        ],
        [
          0.0013206497523186296,
          -0.9866420216767269,
          -0.16289805691257586
        ]
      ]
    }
  },
  {
    "entity": "hdmi_socket_left",
    "obb": {
      "center": [
        0.26679794508638655,
        0.20365112913780048,
        0.8072987797470224
      ],
      "extent": [
        0.03,
        0.03,
        0.006
      ],
      "rotation": [
        [
          0.29922304391291044,
          -0.1526093195317848,
          -0.9419001887586276
        ],
        [
          0.9382039756171232,
          -0.1328416497835274,
          0.31957220814553783
        ],
        [
          -0.17389327223247233,
          -0.9793178705991412,
          0.10342938749430453
        ]
      ]
    }
  },
  {
    "entity": "usb_socket_top_right",
    "obb": {
      "center": [
        0.2733650774083817,
        0.20213683857600345,
        0.8617316711700724
      ],
      "extent": [
        0.03,
        0.03,
        0.006
      ],
      "rotation": [
        [
          0.3659643863842433,
          -0.7092938395299189,
          -0.6024718392616454
        ],
        [
          0.9291513252384744,
          0.2420172821593566,
          0.27947352279560406
        ],
        [
          -0.052420250914994165,
          -0.662064864149355,
          0.7476110171425412
        ]
      ]
    }
  }
]
